[
    [
        6187e9ccffb423e8 a86f27d2da4a3abb 17c526681ad702d5 a42cf1e6face31df 8aac64e0de63f32 466a1414320033f2 c39851437a7483c9 49cb57eac4618239
        e3a61fd4c42f791b b4ebfbe97ed01af ccdbdc1f83d3b49b 4909507a33c410d2 21a8bbbd38869bef 3bae7bee47965cd6 5010202b6956413e f5404fb075baeddf
        abc1577da080a3ec 8de24a5642666fc2 ad64a83fa48bc7fe c14116b49150b832 36ae786792040a11 8e7f536c5f46771d d2f0ee8716c0d538 74710ac415025948
        a96c627229976b56 554c346625e84074 ec46e247ea9afe1c 2ecda87ad0dea005 26a573578239ee8e 766b0735bf7981f8 1e6f78387bcb46b4 68ed0f150e770a9f
        2a627cdc1b952f64 8a9e508c96936de0 2e2b79c4fd764d2b 323eaf2be67e636c c53730e2a10b2345 6e283e7dc7b6376e 688b78016ac659e1 8fadb633325cb0d8
        5af84e9a75fa3b3 eceb516fc309d2b6 a5a6b1429ea3c09 926a95d28c965a20 6ad7e1ae18411e3 7341e5dfa40f7cba 7caa8b1370519956 fb974535f92ffbf9
        23301e5f58adb120 e6811db6aae4d5ed 837e11f9123a2378 98b8dcf17a122c4b 1ed34f948b6543da fb369f53e2683d24 f5b6bb7c61d2a621 f234b1709de3692e
        4b5647a1728a6315 cc0930b4f628cb05 e47b50c97d9cd023 ad8f455ef3292a27 3d32ceb7414cfde2 7c46d30840c48df2 8b5f7ce5eecdf347 b90b51325f317ed7
        59cfb373151f5e4d 760594b9b38a168d abe4d7d29180b44 d859ca51d1d72b57 21926d84b2d0818a 5e68873f0b34b4f 9ee3147e1c5da56b fc72b95c0eb314fd
        fc47b135cf7be93e 6e1f6be8dfb277d 98257283465414b1 3ba0c6df4a9bb2f 8d42dc9c803a1050 82cda90c99a57ae4 e65b413db02f9adb 6dd20862917fc22e
        231dacedbb4e2b62 9ffee779f7e80719 14dca58bf16c3880 2e9ab6806e97663a e255c3ca62a6b651 15b381fc60a53428 cfc0c19ceb8951d5 5c6c5fcb94378cd7
        99b85bd64fb8050 5597e85351edec65 f669b786c6f85ae3 59c5fadb37cd1344 d9b5cae082a54267 1f763f34764d36e4 5ab76e0573707ddf cbb633f315f15d54
        0 0 0 0 0 0 0 0
        0 0 0 0 0 0 0 0
        0 0 0 0 0 0 0 0
        0 0 0 0 0 0 0 0
        0 0 0 0 0 0 0 0
        0 0 0 0 0 0 0 0
        0 0 0 0 0 0 0 0
        0 0 0 0 0 0 0 0
        0 0 0 0 0 0 0 0
        0 0 0 0 0 0 0 0
        0 0 0 0 0 0 0 0
        0 0 0 0 0 0 0 0
    ]
    [
        23301e5f58adb120 e6811db6aae4d5ed 837e11f9123a2378 98b8dcf17a122c4b 1ed34f948b6543da fb369f53e2683d24 f5b6bb7c61d2a621 f234b1709de3692e
        4b5647a1728a6315 cc0930b4f628cb05 e47b50c97d9cd023 ad8f455ef3292a27 3d32ceb7414cfde2 7c46d30840c48df2 8b5f7ce5eecdf347 b90b51325f317ed7
        59cfb373151f5e4d 760594b9b38a168d abe4d7d29180b44 d859ca51d1d72b57 21926d84b2d0818a 5e68873f0b34b4f 9ee3147e1c5da56b fc72b95c0eb314fd
        fc47b135cf7be93e 6e1f6be8dfb277d 98257283465414b1 3ba0c6df4a9bb2f 8d42dc9c803a1050 82cda90c99a57ae4 e65b413db02f9adb 6dd20862917fc22e
        231dacedbb4e2b62 9ffee779f7e80719 14dca58bf16c3880 2e9ab6806e97663a e255c3ca62a6b651 15b381fc60a53428 cfc0c19ceb8951d5 5c6c5fcb94378cd7
        99b85bd64fb8050 5597e85351edec65 f669b786c6f85ae3 59c5fadb37cd1344 d9b5cae082a54267 1f763f34764d36e4 5ab76e0573707ddf cbb633f315f15d54
        0 0 0 0 0 0 0 0
        0 0 0 0 0 0 0 0
        0 0 0 0 0 0 0 0
        0 0 0 0 0 0 0 0
        0 0 0 0 0 0 0 0
        0 0 0 0 0 0 0 0
        0 0 0 0 0 0 0 0
        0 0 0 0 0 0 0 0
        0 0 0 0 0 0 0 0
        0 0 0 0 0 0 0 0
        0 0 0 0 0 0 0 0
        0 0 0 0 0 0 0 0
    ]
    [
        0 0 0 0 0 0 0 0
        0 0 0 0 0 0 0 0
        0 0 0 0 0 0 0 0
        0 0 0 0 0 0 0 0
        0 0 0 0 0 0 0 0
        0 0 0 0 0 0 0 0
        0 0 0 0 0 0 0 0
        0 0 0 0 0 0 0 0
        0 0 0 0 0 0 0 0
        0 0 0 0 0 0 0 0
        0 0 0 0 0 0 0 0
        0 0 0 0 0 0 0 0
    ]
    [
        0 0 0 0 0 0 0 0
        0 0 0 0 0 0 0 0
        0 0 0 0 0 0 0 0
        0 0 0 0 0 0 0 0
        0 0 0 0 0 0 0 0
        0 0 0 0 0 0 0 0
    ]
]